site,mean_MMN_delay,mean_FACE_delay,mean_VEP_delay
hbcdsite64,1.992867201,12.92605842,13.14517102
hbcdsite48,2.648272952,16.9593017,16.88733844
hbcdsite04,2.194721756,11.35939712,11.37743482
hbcdsite95,2.310289918,27.34980563,27.16139412
hbcdsite07,2.199375303,23.22832783,23.05019131
hbcdsite53,2.304126839,11.79594058,11.7896624
hbcdsite20,2.793936925,11.40323983,11.41227265
hbcdsite52,2.117903983,21.19739641,21.30023504
hbcdsite69,2.455424131,12.871975,12.76416208
hbcdsite06,2.325426798,25.4501735,25.05190622
hbcdsite93,2.337576296,13.08871961,13.28392555
hbcdsite72,2.444512653,8.907113519,8.825883577
hbcdsite09,2.553230399,14.73393737,15.88841787
hbcdsite78,2.038729652,12.36084619,12.45127168
hbcdsite43,2.216192278,18.00612898,18.0406189
hbcdsite79,1.918008394,14.12299142,14.02571726
hbcdsite02,1.992867201,12.92605842,13.14517102
hbcdsite28,2.661389773,15.54169074,15.42933254
hbcdsite77,2.008037769,12.30289431,12.29992069
hbcdsite70,2.270420799,8.849334995,8.775456039
hbcdsite84,2.463414213,11.14373124,11.23749604
hbcdsite27,2.292480659,22.81989061,22.814901
hbcdsite29,2.343219799,28.77185372,29.63942609
hbcdsite57,2.218158181,14.93824811,15.03925553
hbcdsite26,2.731880403,13.7612647,13.75863806
hbcdsite42,2.300785746,12.82298694,12.79917155
hbcdsite35,2.205666199,17.16649483,17.19531417
